48 30.639619 -96.350391
48 30.640812 -96.350326
48 30.637190 -96.356415
48 30.635081 -96.354666
48 30.626644 -96.354891
48 30.619280 -96.346289
48 30.619739 -96.345554
48 30.619182 -96.344269
48 30.627366 -96.334581
48 30.618727 -96.323874
48 30.612353 -96.330991
48 30.613480 -96.332445
48 30.611139 -96.335905
48 30.609192 -96.334723
48 30.618268 -96.323624
48 30.618986 -96.318542
48 30.631106 -96.304399
48 30.624121 -96.299311
48 30.618631 -96.307080
48 30.622267 -96.311016
48 30.615393 -96.318827
48 30.627667 -96.334465
48 30.634677 -96.327049
48 30.639811 -96.328103
48 30.654985 -96.336935
48 30.643828 -96.353300

51 30.606246 -96.303424
51 30.618218 -96.306869
51 30.612890 -96.315873
51 30.600706 -96.327989
51 30.603473 -96.331530
51 30.602205 -96.332779
51 30.599958 -96.331535
51 30.598798 -96.330210
51 30.600476 -96.328057
51 30.590205 -96.316790
51 30.575757 -96.303710
51 30.583045 -96.279810
51 30.584556 -96.277704
51 30.585897 -96.277688
51 30.575893 -96.303810
51 30.581721 -96.309805
51 30.595451 -96.323108
51 30.604892 -96.311569
51 30.608484 -96.319794
51 30.618418 -96.307111
51 30.609061 -96.300338
